lambdaBS,lambdaSC,numCPE,lambdaUE,deployRange,r_min_cell,r_min_FWA,num_rep,rep_gain,GroupCount,mean_max_FWA,std_max_FWA,median_max_FWA,mean_Band,std_Band,median_Band,mean_Band_FWA,std_Band_FWA,median_Band_FWA,mean_cell_se,std_cell_se,median_cell_se,mean_FWA_se,std_FWA_se,median_FWA_se
5,0,50,200,200,35000000,25000000,2,20,99,100,0,100,80000000,0,80000000,78278008.2402644,61450.4995229453,78283835.080985,415.600594373737,10.4443346663893,415.626321,3.53814252525253,0.342177270094096,3.603627
5,0,50,200,200,35000000,50000000,2,20,99,100,0,100,80000000,0,80000000,78278008.2402644,61450.4995229453,78283835.080985,415.600594373737,10.4443346663893,415.626321,3.39524976767677,0.319166115813132,3.458424
5,0,50,200,200,35000000,75000000,2,20,99,99.969696969697,0.301511344577763,100,80000000,0,80000000,78278008.2402644,61450.4995229453,78283835.080985,415.600594373737,10.4443346663893,415.626321,3.29317377777778,0.323393682125147,3.336379
5,0,50,200,200,35000000,100000000,2,20,99,99.4141414141414,3.20716704098454,100,80000000,0,80000000,78278008.2402644,61450.4995229453,78283835.080985,415.600594373737,10.4443346663893,415.626321,3.2436704040404,0.311524541105804,3.266922
5,0,50,200,200,35000000,125000000,2,20,99,93.1111111111111,8.06717826004639,95,80000000,0,80000000,78278008.2402644,61450.4995229453,78283835.080985,415.600594373737,10.4443346663893,415.626321,3.41933826262626,0.263785016191935,3.413894
5,0,50,200,200,35000000,150000000,2,20,99,77.2424242424242,10.732452131594,78,80000000,0,80000000,78278008.2402644,61450.4995229453,78283835.080985,415.600594373737,10.4443346663893,415.626321,4.06303855555556,0.352084696060225,4.056437
5,0,50,200,200,35000000,175000000,2,20,99,58.7777777777778,12.4084858682254,59,80000000,0,80000000,78278008.2402644,61450.4995229453,78283835.080985,415.600594373737,10.4443346663893,415.626321,5.30625061616162,0.707278457867034,5.22713
5,0,50,200,200,35000000,200000000,2,20,99,43.7070707070707,11.2497188402531,42,80000000,0,80000000,78278008.2402644,61450.4995229453,78283835.080985,415.600594373737,10.4443346663893,415.626321,7.05720241414141,1.119025117037,7.025503
5,0,50,200,200,35000000,225000000,2,20,99,33.5757575757576,8.79597647941063,32,80000000,0,80000000,78278008.2402644,61450.4995229453,78283835.080985,415.600594373737,10.4443346663893,415.626321,8.84078650505051,1.37791126706503,8.850063
5,0,50,200,200,35000000,250000000,2,20,99,27.0707070707071,6.78421415787027,26,80000000,0,80000000,78278008.2402644,61450.4995229453,78283835.080985,415.600594373737,10.4443346663893,415.626321,10.5716530909091,1.66442927328568,10.337095
5,0,50,200,200,35000000,275000000,2,20,99,22.9292929292929,6.00722783234025,23,80000000,0,80000000,78278008.2402644,61450.4995229453,78283835.080985,415.600594373737,10.4443346663893,415.626321,12.0776358080808,2.02054547010923,11.836335
5,0,50,200,200,35000000,300000000,2,20,99,18.8484848484848,4.66721880292321,19,80000000,0,80000000,78278008.2402644,61450.4995229453,78283835.080985,415.600594373737,10.4443346663893,415.626321,13.8347676060606,2.54240068440065,13.245808
5,0,50,400,200,35000000,25000000,2,20,99,100,0,100,80000000,0,80000000,78272936.0527796,50141.6420111912,78270617.779095,782.812180414141,15.3637378068772,784.976917,3.49195621212121,0.332509936049892,3.571189
5,0,50,400,200,35000000,50000000,2,20,99,100,0,100,80000000,0,80000000,78272936.0527796,50141.6420111912,78270617.779095,782.812180414141,15.3637378068772,784.976917,3.36993503030303,0.329173142401997,3.39739
5,0,50,400,200,35000000,75000000,2,20,99,100,0,100,80000000,0,80000000,78272936.0527796,50141.6420111912,78270617.779095,782.812180414141,15.3637378068772,784.976917,3.28723052525253,0.343741381114193,3.288824
5,0,50,400,200,35000000,100000000,2,20,99,99.3737373737374,1.96700258129303,100,80000000,0,80000000,78272936.0527796,50141.6420111912,78270617.779095,782.812180414141,15.3637378068772,784.976917,3.24674329292929,0.317805986242706,3.248392
5,0,50,400,200,35000000,125000000,2,20,99,92.4747474747475,8.168310387004,95,80000000,0,80000000,78272936.0527796,50141.6420111912,78270617.779095,782.812180414141,15.3637378068772,784.976917,3.42510687878788,0.284529160212499,3.390948
5,0,50,400,200,35000000,150000000,2,20,99,75.0505050505051,10.8640708510487,77,80000000,0,80000000,78272936.0527796,50141.6420111912,78270617.779095,782.812180414141,15.3637378068772,784.976917,4.14998268686869,0.39345158572589,4.067431
5,0,50,400,200,35000000,175000000,2,20,99,56.7272727272727,12.3856551175207,57,80000000,0,80000000,78272936.0527796,50141.6420111912,78270617.779095,782.812180414141,15.3637378068772,784.976917,5.48143401010101,0.832587426669949,5.366641
5,0,50,400,200,35000000,200000000,2,20,99,42.8383838383838,10.8324032710509,42,80000000,0,80000000,78272936.0527796,50141.6420111912,78270617.779095,782.812180414141,15.3637378068772,784.976917,7.15171202020202,1.26413863302935,6.887121
5,0,50,400,200,35000000,225000000,2,20,99,32.989898989899,8.071738236152,33,80000000,0,80000000,78272936.0527796,50141.6420111912,78270617.779095,782.812180414141,15.3637378068772,784.976917,8.9164904040404,1.48558093232105,8.595565
5,0,50,400,200,35000000,250000000,2,20,99,26.010101010101,5.64330007211902,26,80000000,0,80000000,78272936.0527796,50141.6420111912,78270617.779095,782.812180414141,15.3637378068772,784.976917,10.6692944545455,1.57665951362398,10.284394
5,0,50,400,200,35000000,275000000,2,20,99,21.9191919191919,4.70925438804941,22,80000000,0,80000000,78272936.0527796,50141.6420111912,78270617.779095,782.812180414141,15.3637378068772,784.976917,12.1194183838384,1.84684952627575,11.796147
5,0,50,400,200,35000000,300000000,2,20,99,18.4646464646465,4.08159915467598,18,80000000,0,80000000,78272936.0527796,50141.6420111912,78270617.779095,782.812180414141,15.3637378068772,784.976917,13.8027216161616,2.18750838630473,13.537759
5,0,50,600,200,35000000,25000000,2,20,99,100,0,100,80000000,0,80000000,78270369.1888195,53796.033646181,78279278.582017,1195.82696236364,20.5421162407776,1195.135026,3.52107842424242,0.348486285714171,3.547315
5,0,50,600,200,35000000,50000000,2,20,99,100,0,100,80000000,0,80000000,78270369.1888195,53796.033646181,78279278.582017,1195.82696236364,20.5421162407776,1195.135026,3.39229409090909,0.340582626920282,3.428751
5,0,50,600,200,35000000,75000000,2,20,99,99.9191919191919,0.80403025220737,100,80000000,0,80000000,78270369.1888195,53796.033646181,78279278.582017,1195.82696236364,20.5421162407776,1195.135026,3.28363005050505,0.351581692139336,3.300693
5,0,50,600,200,35000000,100000000,2,20,99,99.2828282828283,3.36561364159614,100,80000000,0,80000000,78270369.1888195,53796.033646181,78279278.582017,1195.82696236364,20.5421162407776,1195.135026,3.21653222222222,0.328269362792502,3.23934
5,0,50,600,200,35000000,125000000,2,20,99,91.3030303030303,8.70661787407687,92,80000000,0,80000000,78270369.1888195,53796.033646181,78279278.582017,1195.82696236364,20.5421162407776,1195.135026,3.40182339393939,0.277021587914792,3.375216
5,0,50,600,200,35000000,150000000,2,20,99,74.0606060606061,12.7405973186937,75,80000000,0,80000000,78270369.1888195,53796.033646181,78279278.582017,1195.82696236364,20.5421162407776,1195.135026,4.17727737373737,0.44008730902556,4.066526
5,0,50,600,200,35000000,175000000,2,20,99,54.979797979798,12.9937031829941,54,80000000,0,80000000,78270369.1888195,53796.033646181,78279278.582017,1195.82696236364,20.5421162407776,1195.135026,5.52368745454545,0.819410946686184,5.398608
5,0,50,600,200,35000000,200000000,2,20,99,41.8787878787879,10.225291500533,42,80000000,0,80000000,78270369.1888195,53796.033646181,78279278.582017,1195.82696236364,20.5421162407776,1195.135026,7.15747714141414,1.17560262848228,7.095981
5,0,50,600,200,35000000,225000000,2,20,99,32.6868686868687,8.18491203329547,32,80000000,0,80000000,78270369.1888195,53796.033646181,78279278.582017,1195.82696236364,20.5421162407776,1195.135026,8.88962480808081,1.43212704863734,8.66697
5,0,50,600,200,35000000,250000000,2,20,99,26.4949494949495,6.15840845026378,27,80000000,0,80000000,78270369.1888195,53796.033646181,78279278.582017,1195.82696236364,20.5421162407776,1195.135026,10.5378893131313,1.64432352357906,10.25871
5,0,50,600,200,35000000,275000000,2,20,99,21.7777777777778,5.15980452792932,22,80000000,0,80000000,78270369.1888195,53796.033646181,78279278.582017,1195.82696236364,20.5421162407776,1195.135026,12.3692127777778,2.01644375956186,12.029488
5,0,50,600,200,35000000,300000000,2,20,99,18.7575757575758,4.17008517774042,19,80000000,0,80000000,78270369.1888195,53796.033646181,78279278.582017,1195.82696236364,20.5421162407776,1195.135026,13.7264444242424,2.0230558681328,13.414574
5,0,50,800,200,35000000,25000000,2,20,99,100,0,100,80000000,0,80000000,78266291.0798821,43158.5225758777,78270071.875508,1564.43914539394,30.7520089327378,1565.525046,3.50172781818182,0.35063928260371,3.556072
5,0,50,800,200,35000000,50000000,2,20,99,100,0,100,80000000,0,80000000,78266291.0798821,43158.5225758777,78270071.875508,1564.43914539394,30.7520089327378,1565.525046,3.35810250505051,0.32513539446995,3.387315
5,0,50,800,200,35000000,75000000,2,20,99,100,0,100,80000000,0,80000000,78266291.0798821,43158.5225758777,78270071.875508,1564.43914539394,30.7520089327378,1565.525046,3.28768191919192,0.332401106397557,3.32255
5,0,50,800,200,35000000,100000000,2,20,99,99.2525252525252,2.68914459634845,100,80000000,0,80000000,78266291.0798821,43158.5225758777,78270071.875508,1564.43914539394,30.7520089327378,1565.525046,3.22072547474747,0.327664494474191,3.221739
5,0,50,800,200,35000000,125000000,2,20,99,91.7474747474748,8.98450302345307,94,80000000,0,80000000,78266291.0798821,43158.5225758777,78270071.875508,1564.43914539394,30.7520089327378,1565.525046,3.42320405050505,0.264667761935693,3.404435
5,0,50,800,200,35000000,150000000,2,20,99,74.5959595959596,11.2221711965955,75,80000000,0,80000000,78266291.0798821,43158.5225758777,78270071.875508,1564.43914539394,30.7520089327378,1565.525046,4.15371329292929,0.393999639300137,4.107527
5,0,50,800,200,35000000,175000000,2,20,99,56.3636363636364,12.4108696150235,57,80000000,0,80000000,78266291.0798821,43158.5225758777,78270071.875508,1564.43914539394,30.7520089327378,1565.525046,5.49358318181818,0.870404585370696,5.490817
5,0,50,800,200,35000000,200000000,2,20,99,42.4444444444444,10.3876125424019,43,80000000,0,80000000,78266291.0798821,43158.5225758777,78270071.875508,1564.43914539394,30.7520089327378,1565.525046,7.21589841414141,1.18782539205435,7.034809
5,0,50,800,200,35000000,225000000,2,20,99,33.1515151515151,8.05765403186418,33,80000000,0,80000000,78266291.0798821,43158.5225758777,78270071.875508,1564.43914539394,30.7520089327378,1565.525046,8.93062750505051,1.40416965249832,8.666633
5,0,50,800,200,35000000,250000000,2,20,99,26.1515151515152,6.15176038578843,26,80000000,0,80000000,78266291.0798821,43158.5225758777,78270071.875508,1564.43914539394,30.7520089327378,1565.525046,10.7117615858586,1.72400053776563,10.428015
5,0,50,800,200,35000000,275000000,2,20,99,21.7272727272727,4.91108322108806,22,80000000,0,80000000,78266291.0798821,43158.5225758777,78270071.875508,1564.43914539394,30.7520089327378,1565.525046,12.3474134545455,2.12548278650464,11.89564
5,0,50,800,200,35000000,300000000,2,20,99,18.4444444444444,4.23113392970085,18,80000000,0,80000000,78266291.0798821,43158.5225758777,78270071.875508,1564.43914539394,30.7520089327378,1565.525046,13.9399202222222,2.47817871885205,13.542182
5,0,50,1000,200,35000000,25000000,2,20,99,100,0,100,80000000,0,80000000,78264193.5543475,40511.345788449,78266732.892019,1933.01702428283,33.8215557886602,1933.90345,3.53775294949495,0.362906475936881,3.544023
5,0,50,1000,200,35000000,50000000,2,20,99,100,0,100,80000000,0,80000000,78264193.5543475,40511.345788449,78266732.892019,1933.01702428283,33.8215557886602,1933.90345,3.42957675757576,0.3661720413169,3.421021
5,0,50,1000,200,35000000,75000000,2,20,99,100,0,100,80000000,0,80000000,78264193.5543475,40511.345788449,78266732.892019,1933.01702428283,33.8215557886602,1933.90345,3.31280564646465,0.354921425937138,3.309172
5,0,50,1000,200,35000000,100000000,2,20,99,99.5454545454545,1.91808113761223,100,80000000,0,80000000,78264193.5543475,40511.345788449,78266732.892019,1933.01702428283,33.8215557886602,1933.90345,3.25926761616162,0.333566084689367,3.298541
5,0,50,1000,200,35000000,125000000,2,20,99,93.1414141414141,7.51598310678188,96,80000000,0,80000000,78264193.5543475,40511.345788449,78266732.892019,1933.01702428283,33.8215557886602,1933.90345,3.36554031313131,0.235137191992061,3.37649
5,0,50,1000,200,35000000,150000000,2,20,99,75.2828282828283,11.4517981869709,76,80000000,0,80000000,78264193.5543475,40511.345788449,78266732.892019,1933.01702428283,33.8215557886602,1933.90345,4.10757763636364,0.385306404329881,4.016398
5,0,50,1000,200,35000000,175000000,2,20,99,57.2828282828283,12.1008014610944,57,80000000,0,80000000,78264193.5543475,40511.345788449,78266732.892019,1933.01702428283,33.8215557886602,1933.90345,5.35621495959596,0.708969706367108,5.217204
5,0,50,1000,200,35000000,200000000,2,20,99,42.7070707070707,10.5610494659139,42,80000000,0,80000000,78264193.5543475,40511.345788449,78266732.892019,1933.01702428283,33.8215557886602,1933.90345,7.01560636363636,0.975744658910076,6.942827
5,0,50,1000,200,35000000,225000000,2,20,99,33.3232323232323,7.9228786291351,33,80000000,0,80000000,78264193.5543475,40511.345788449,78266732.892019,1933.01702428283,33.8215557886602,1933.90345,8.80297923232323,1.20450840270742,8.72634
5,0,50,1000,200,35000000,250000000,2,20,99,26.3939393939394,6.03191880970738,26,80000000,0,80000000,78264193.5543475,40511.345788449,78266732.892019,1933.01702428283,33.8215557886602,1933.90345,10.5729159292929,1.50571466415376,10.302744
5,0,50,1000,200,35000000,275000000,2,20,99,21.6868686868687,4.54152375904932,22,80000000,0,80000000,78264193.5543475,40511.345788449,78266732.892019,1933.01702428283,33.8215557886602,1933.90345,12.3191819292929,1.86707052900279,11.767246
5,0,50,1000,200,35000000,300000000,2,20,99,18.1010101010101,4.11442199549825,18,80000000,0,80000000,78264193.5543475,40511.345788449,78266732.892019,1933.01702428283,33.8215557886602,1933.90345,14.0739831313131,2.48552397936861,13.596103
