lambdaBS,lambdaSC,numCPE,lambdaUE,deployRange,r_min_cell,r_min_FWA,GroupCount,mean_max_FWA,std_max_FWA,median_max_FWA,mean_Band,std_Band,median_Band,mean_Band_FWA,std_Band_FWA,median_Band_FWA,mean_cell_se,std_cell_se,median_cell_se,mean_FWA_se,std_FWA_se,median_FWA_se
5,0,50,200,200,35000000,25000000,99,99.2626262626263,0.790064045270867,99,100000000,0,100000000,99166993.2941314,12258.8518884496,99167680.675697,802.800238757576,10.1710731508563,803.062812,1.49145450505051,0.0427421618157189,1.483603
5,0,50,200,200,35000000,50000000,99,99.2828282828283,0.7829875287719,99,100000000,0,100000000,99166993.2941314,12258.8518884496,99167680.675697,802.800238757576,10.1710731508563,803.062812,1.46206317171717,0.0634180304375046,1.460191
5,0,50,200,200,35000000,75000000,99,96.7979797979798,5.3642425297478,99,100000000,0,100000000,99166993.2941314,12258.8518884496,99167680.675697,802.800238757576,10.1710731508563,803.062812,1.47713161616162,0.106744888272365,1.460202
5,0,50,200,200,35000000,100000000,99,61.030303030303,22.975343725285,64,100000000,0,100000000,99166993.2941314,12258.8518884496,99167680.675697,802.800238757576,10.1710731508563,803.062812,2.67103666666667,1.07852243955783,2.218152
5,0,50,200,200,35000000,125000000,99,25.1010101010101,8.08437009207342,23,100000000,0,100000000,99166993.2941314,12258.8518884496,99167680.675697,802.800238757576,10.1710731508563,803.062812,5.87509294949495,1.30330281807977,5.88553
5,0,50,200,200,35000000,150000000,99,17.1010101010101,3.04555530774767,17,100000000,0,100000000,99166993.2941314,12258.8518884496,99167680.675697,802.800238757576,10.1710731508563,803.062812,8.17261952525253,1.25259157164897,7.99942
5,0,50,200,200,35000000,175000000,99,13.6868686868687,2.26619552017079,14,100000000,0,100000000,99166993.2941314,12258.8518884496,99167680.675697,802.800238757576,10.1710731508563,803.062812,10.1698168282828,1.87104706670797,9.755063
5,0,50,200,200,35000000,200000000,99,11.7272727272727,2.15623529545146,12,100000000,0,100000000,99166993.2941314,12258.8518884496,99167680.675697,802.800238757576,10.1710731508563,803.062812,11.6614410707071,2.21662165269903,11.232242
5,0,50,200,200,35000000,225000000,99,10.3939393939394,1.97338506342131,10,100000000,0,100000000,99166993.2941314,12258.8518884496,99167680.675697,802.800238757576,10.1710731508563,803.062812,12.950418969697,2.55884257380931,12.63283
5,0,50,200,200,35000000,250000000,99,9.23232323232323,2.13727025416832,9,100000000,0,100000000,99166993.2941314,12258.8518884496,99167680.675697,802.800238757576,10.1710731508563,803.062812,14.2884534747475,3.55311732678221,13.606639
5,0,50,200,200,35000000,275000000,99,8.21212121212121,2.16781996801605,8,100000000,0,100000000,99166993.2941314,12258.8518884496,99167680.675697,802.800238757576,10.1710731508563,803.062812,15.9104174646465,5.39566938063043,14.719701
5,0,50,200,200,35000000,300000000,99,7.19191919191919,2.02875636821346,7,100000000,0,100000000,99166993.2941314,12258.8518884496,99167680.675697,802.800238757576,10.1710731508563,803.062812,17.522856979798,5.86980447655874,16.124563
5,0,50,400,200,35000000,25000000,99,99.4242424242424,0.671442387257692,100,100000000,0,100000000,99164262.7182114,11480.9757671434,99165202.159108,1514.33738976768,15.7410930570779,1514.065824,1.48892017171717,0.0527322975613889,1.488319
5,0,50,400,200,35000000,50000000,99,99.4242424242424,0.701178440867173,100,100000000,0,100000000,99164262.7182114,11480.9757671434,99165202.159108,1514.33738976768,15.7410930570779,1514.065824,1.45784760606061,0.0556382159565979,1.459081
5,0,50,400,200,35000000,75000000,99,97.5050505050505,3.71531232343776,99,100000000,0,100000000,99164262.7182114,11480.9757671434,99165202.159108,1514.33738976768,15.7410930570779,1514.065824,1.44753538383838,0.0694604111283288,1.449248
5,0,50,400,200,35000000,100000000,99,62.3636363636364,20.8568759990045,66,100000000,0,100000000,99164262.7182114,11480.9757671434,99165202.159108,1514.33738976768,15.7410930570779,1514.065824,2.56489906060606,1.12119217126317,2.151665
5,0,50,400,200,35000000,125000000,99,24.7878787878788,6.16321001584754,23,100000000,0,100000000,99164262.7182114,11480.9757671434,99165202.159108,1514.33738976768,15.7410930570779,1514.065824,5.74133742424242,1.04296377143673,5.725353
5,0,50,400,200,35000000,150000000,99,16.8888888888889,2.64146252349689,17,100000000,0,100000000,99164262.7182114,11480.9757671434,99165202.159108,1514.33738976768,15.7410930570779,1514.065824,8.13345846464646,1.16283289273952,7.992186
5,0,50,400,200,35000000,175000000,99,13.6767676767677,2.44877429909825,13,100000000,0,100000000,99164262.7182114,11480.9757671434,99165202.159108,1514.33738976768,15.7410930570779,1514.065824,9.89385243434343,1.66817607339617,9.740431
5,0,50,400,200,35000000,200000000,99,11.5858585858586,2.11414140921683,12,100000000,0,100000000,99164262.7182114,11480.9757671434,99165202.159108,1514.33738976768,15.7410930570779,1514.065824,11.5237781919192,2.09369359242731,11.213025
5,0,50,400,200,35000000,225000000,99,10.2929292929293,2.0910524898619,10,100000000,0,100000000,99164262.7182114,11480.9757671434,99165202.159108,1514.33738976768,15.7410930570779,1514.065824,12.8129653232323,2.78265574723989,12.129053
5,0,50,400,200,35000000,250000000,99,9.23232323232323,2.03954918402244,9,100000000,0,100000000,99164262.7182114,11480.9757671434,99165202.159108,1514.33738976768,15.7410930570779,1514.065824,14.104464040404,3.16472758739471,13.341529
5,0,50,400,200,35000000,275000000,99,7.96969696969697,2.21061698587884,8,100000000,0,100000000,99164262.7182114,11480.9757671434,99165202.159108,1514.33738976768,15.7410930570779,1514.065824,16.4188623333333,5.57493042845128,15.296906
5,0,50,400,200,35000000,300000000,99,7.23232323232323,2.03954918402244,7,100000000,0,100000000,99164262.7182114,11480.9757671434,99165202.159108,1514.33738976768,15.7410930570779,1514.065824,17.4770601818182,5.75221273691165,16.213783
5,0,50,600,200,35000000,25000000,99,99.3535353535353,0.71874509848382,99,100000000,0,100000000,99164738.5626485,8952.63154684673,99165042.793,2313.59449511111,20.5929139563245,2314.710285,1.48851063636364,0.0455830378704521,1.487245
5,0,50,600,200,35000000,50000000,99,99.3535353535353,0.704404964015168,99,100000000,0,100000000,99164738.5626485,8952.63154684673,99165042.793,2313.59449511111,20.5929139563245,2314.710285,1.45487667676768,0.0557135548999374,1.455014
5,0,50,600,200,35000000,75000000,99,97.1414141414141,4.43780167358611,99,100000000,0,100000000,99164738.5626485,8952.63154684673,99165042.793,2313.59449511111,20.5929139563245,2314.710285,1.46219943434343,0.0671274814954476,1.46297
5,0,50,600,200,35000000,100000000,99,62.4343434343434,22.6851392587079,67,100000000,0,100000000,99164738.5626485,8952.63154684673,99165042.793,2313.59449511111,20.5929139563245,2314.710285,2.6340294040404,1.17575168709649,2.096109
5,0,50,600,200,35000000,125000000,99,24.6262626262626,5.85467867778579,23,100000000,0,100000000,99164738.5626485,8952.63154684673,99165042.793,2313.59449511111,20.5929139563245,2314.710285,5.79687456565656,1.01727837804642,5.782452
5,0,50,600,200,35000000,150000000,99,17.2929292929293,2.71523489137821,17,100000000,0,100000000,99164738.5626485,8952.63154684673,99165042.793,2313.59449511111,20.5929139563245,2314.710285,8.01570314141414,1.22053780144176,7.935345
5,0,50,600,200,35000000,175000000,99,14.040404040404,2.26742320671525,14,100000000,0,100000000,99164738.5626485,8952.63154684673,99165042.793,2313.59449511111,20.5929139563245,2314.710285,9.79602047474748,1.7517775895487,9.495253
5,0,50,600,200,35000000,200000000,99,11.959595959596,2.08453583106741,12,100000000,0,100000000,99164738.5626485,8952.63154684673,99165042.793,2313.59449511111,20.5929139563245,2314.710285,11.3076825454545,2.28117811357806,11.021899
5,0,50,600,200,35000000,225000000,99,10.5151515151515,2.42589615826532,11,100000000,0,100000000,99164738.5626485,8952.63154684673,99165042.793,2313.59449511111,20.5929139563245,2314.710285,12.7990092424242,3.29954182663266,12.412561
5,0,50,600,200,35000000,250000000,99,9.29292929292929,2.23722005546664,9,100000000,0,100000000,99164738.5626485,8952.63154684673,99165042.793,2313.59449511111,20.5929139563245,2314.710285,14.4007553030303,4.37654121952476,13.572298
5,0,50,600,200,35000000,275000000,99,8.35353535353535,2.08646332593508,8,100000000,0,100000000,99164738.5626485,8952.63154684673,99165042.793,2313.59449511111,20.5929139563245,2314.710285,15.7004400808081,4.4828058429067,15.044695
5,0,50,600,200,35000000,300000000,99,7.50505050505051,2.13509899103176,7,100000000,0,100000000,99164738.5626485,8952.63154684673,99165042.793,2313.59449511111,20.5929139563245,2314.710285,17.4555137171717,7.81679772185689,15.798066
5,0,50,800,200,35000000,25000000,99,99.4040404040404,0.727298494699165,100,100000000,0,100000000,99165104.8499688,9067.70935002051,99166213.893086,3030.27948781818,23.8207415229133,3027.813094,1.49046619191919,0.0431451164133316,1.483478
5,0,50,800,200,35000000,50000000,99,99.3939393939394,0.682405436645177,99,100000000,0,100000000,99165104.8499688,9067.70935002051,99166213.893086,3030.27948781818,23.8207415229133,3027.813094,1.46057255555556,0.0564733309914498,1.469659
5,0,50,800,200,35000000,75000000,99,97.6767676767677,4.91110420857835,99,100000000,0,100000000,99165104.8499688,9067.70935002051,99166213.893086,3030.27948781818,23.8207415229133,3027.813094,1.4647188989899,0.0991343054904372,1.456777
5,0,50,800,200,35000000,100000000,99,66.3939393939394,21.3641021541611,72,100000000,0,100000000,99165104.8499688,9067.70935002051,99166213.893086,3030.27948781818,23.8207415229133,3027.813094,2.46105017171717,1.15928240799552,1.929891
5,0,50,800,200,35000000,125000000,99,25.4141414141414,6.95321112282473,24,100000000,0,100000000,99165104.8499688,9067.70935002051,99166213.893086,3030.27948781818,23.8207415229133,3027.813094,5.73487041414141,1.14492926506368,5.703959
5,0,50,800,200,35000000,150000000,99,17.4747474747475,2.74547283888398,17,100000000,0,100000000,99165104.8499688,9067.70935002051,99166213.893086,3030.27948781818,23.8207415229133,3027.813094,7.93295613131313,1.026975516526,7.809649
5,0,50,800,200,35000000,175000000,99,14.0909090909091,2.07556684704424,14,100000000,0,100000000,99165104.8499688,9067.70935002051,99166213.893086,3030.27948781818,23.8207415229133,3027.813094,9.62662438383838,1.44719569564986,9.460624
5,0,50,800,200,35000000,200000000,99,11.7575757575758,2.12416086236477,12,100000000,0,100000000,99165104.8499688,9067.70935002051,99166213.893086,3030.27948781818,23.8207415229133,3027.813094,11.3249536767677,2.11688669851706,11.035431
5,0,50,800,200,35000000,225000000,99,10.3030303030303,2.20599621372992,10,100000000,0,100000000,99165104.8499688,9067.70935002051,99166213.893086,3030.27948781818,23.8207415229133,3027.813094,13.028642979798,2.94702676617915,12.122372
5,0,50,800,200,35000000,250000000,99,8.92929292929293,2.0910524898619,9,100000000,0,100000000,99165104.8499688,9067.70935002051,99166213.893086,3030.27948781818,23.8207415229133,3027.813094,14.7516354949495,4.32654412570127,14.06847
5,0,50,800,200,35000000,275000000,99,7.88888888888889,2.21722794796625,8,100000000,0,100000000,99165104.8499688,9067.70935002051,99166213.893086,3030.27948781818,23.8207415229133,3027.813094,16.6205208383838,5.45552272706092,14.75908
5,0,50,800,200,35000000,300000000,99,7.06060606060606,2.27146532682832,7,100000000,0,100000000,99165104.8499688,9067.70935002051,99166213.893086,3030.27948781818,23.8207415229133,3027.813094,18.6862583333333,8.24676046213927,16.076084
5,0,50,1000,200,35000000,25000000,99,99.3838383838384,0.68074195277414,99,100000000,0,100000000,99164686.4967381,9115.6577752394,99165316.82332,3741.16293085859,31.5995366965802,3740.899747,1.48905483838384,0.0457118790423874,1.486629
5,0,50,1000,200,35000000,50000000,99,99.3434343434343,0.730691818696866,99,100000000,0,100000000,99164686.4967381,9115.6577752394,99165316.82332,3741.16293085859,31.5995366965802,3740.899747,1.45557191919192,0.0535572127549132,1.452377
5,0,50,1000,200,35000000,75000000,99,97.4848484848485,3.23363583944065,99,100000000,0,100000000,99164686.4967381,9115.6577752394,99165316.82332,3741.16293085859,31.5995366965802,3740.899747,1.44640146464646,0.0744598646697605,1.439943
5,0,50,1000,200,35000000,100000000,99,60.3333333333333,19.9698752717023,61,100000000,0,100000000,99164686.4967381,9115.6577752394,99165316.82332,3741.16293085859,31.5995366965802,3740.899747,2.59059951515151,0.973131236654555,2.226276
5,0,50,1000,200,35000000,125000000,99,24.6767676767677,7.67958901274403,23,100000000,0,100000000,99164686.4967381,9115.6577752394,99165316.82332,3741.16293085859,31.5995366965802,3740.899747,5.80345157575758,1.01787868952705,5.855705
5,0,50,1000,200,35000000,150000000,99,16.6767676767677,2.82780755496624,16,100000000,0,100000000,99164686.4967381,9115.6577752394,99165316.82332,3741.16293085859,31.5995366965802,3740.899747,8.2753514040404,1.28151727393194,8.092107
5,0,50,1000,200,35000000,175000000,99,13.3131313131313,2.58980128717836,13,100000000,0,100000000,99164686.4967381,9115.6577752394,99165316.82332,3741.16293085859,31.5995366965802,3740.899747,10.1485127272727,1.8549080204277,9.909738
5,0,50,1000,200,35000000,200000000,99,11.6666666666667,2.42436610692531,12,100000000,0,100000000,99164686.4967381,9115.6577752394,99165316.82332,3741.16293085859,31.5995366965802,3740.899747,11.6093528787879,2.66669117147527,11.034241
5,0,50,1000,200,35000000,225000000,99,10.3939393939394,2.18911118772158,11,100000000,0,100000000,99164686.4967381,9115.6577752394,99165316.82332,3741.16293085859,31.5995366965802,3740.899747,12.8965095757576,3.20399533440125,12.15066
5,0,50,1000,200,35000000,250000000,99,9.16161616161616,2.03393190496188,9,100000000,0,100000000,99164686.4967381,9115.6577752394,99165316.82332,3741.16293085859,31.5995366965802,3740.899747,14.4167119292929,3.50687861369939,13.462157
5,0,50,1000,200,35000000,275000000,99,8.17171717171717,1.93802131388421,8,100000000,0,100000000,99164686.4967381,9115.6577752394,99165316.82332,3741.16293085859,31.5995366965802,3740.899747,15.8180464545455,3.85020729825548,15.168694
5,0,50,1000,200,35000000,300000000,99,7.27272727272727,1.94211215663321,7,100000000,0,100000000,99164686.4967381,9115.6577752394,99165316.82332,3741.16293085859,31.5995366965802,3740.899747,17.5433598686869,5.14461526878288,16.427805
