lambdaBS,lambdaSC,numCPE,lambdaUE,deployRange,r_min_cell,r_min_FWA,GroupCount,mean_max_FWA,std_max_FWA,median_max_FWA,mean_Band,std_Band,median_Band,mean_Band_FWA,std_Band_FWA,median_Band_FWA,mean_cell_se,std_cell_se,median_cell_se,mean_FWA_se,std_FWA_se,median_FWA_se
5,0,50,200,200,35000000,25000000,99,99.8383838383838,0.369971612454052,100,100000000,0,100000000,99161121.5199055,14541.5507387869,99162273.736949,800.487748565657,10.4496048729719,800.531604,2.02374215151515,1.38812187109534,1.534915
5,0,50,200,200,35000000,50000000,99,97.6868686868687,5.11629343003045,100,100000000,0,100000000,99161121.5199055,14541.5507387869,99162273.736949,800.487748565657,10.4496048729719,800.531604,1.50966915151515,0.26356882207466,1.47591
5,0,50,200,200,35000000,75000000,99,71.3232323232323,13.2309379885827,73,100000000,0,100000000,99161121.5199055,14541.5507387869,99162273.736949,800.487748565657,10.4496048729719,800.531604,1.97161128282828,0.266232816525198,1.90593
5,0,50,200,200,35000000,100000000,99,43.2828282828283,12.3272060194402,42,100000000,0,100000000,99161121.5199055,14541.5507387869,99162273.736949,800.487748565657,10.4496048729719,800.531604,3.28487964646465,0.648948013514389,3.244117
5,0,50,200,200,35000000,125000000,99,29.4545454545455,8.04866921091868,29,100000000,0,100000000,99161121.5199055,14541.5507387869,99162273.736949,800.487748565657,10.4496048729719,800.531604,4.67948409090909,0.836813942178333,4.584385
5,0,50,200,200,35000000,150000000,99,22.4343434343434,6.18946045612961,23,100000000,0,100000000,99161121.5199055,14541.5507387869,99162273.736949,800.487748565657,10.4496048729719,800.531604,5.9573641010101,1.08349872055299,5.778057
5,0,50,200,200,35000000,175000000,99,18.1515151515152,4.1854062206566,19,100000000,0,100000000,99161121.5199055,14541.5507387869,99162273.736949,800.487748565657,10.4496048729719,800.531604,7.07948597979798,1.20752761741312,6.877376
5,0,50,200,200,35000000,200000000,99,15.2727272727273,3.95076376449163,16,100000000,0,100000000,99161121.5199055,14541.5507387869,99162273.736949,800.487748565657,10.4496048729719,800.531604,8.11833021212121,1.64076288226801,7.80585
5,0,50,200,200,35000000,225000000,99,13.4848484848485,3.48279630898365,14,100000000,0,100000000,99161121.5199055,14541.5507387869,99162273.736949,800.487748565657,10.4496048729719,800.531604,8.98590015151515,1.96817017884246,8.719295
5,0,50,200,200,35000000,250000000,99,11.7777777777778,3.38229349658662,12,100000000,0,100000000,99161121.5199055,14541.5507387869,99162273.736949,800.487748565657,10.4496048729719,800.531604,10.1405354040404,2.93499391454727,9.318005
5,0,50,200,200,35000000,275000000,99,10.4242424242424,3.14315228838466,11,100000000,0,100000000,99161121.5199055,14541.5507387869,99162273.736949,800.487748565657,10.4496048729719,800.531604,11.1300308686869,3.15660557509104,10.26298
5,0,50,200,200,35000000,300000000,99,9.36363636363636,2.81198072922297,10,100000000,0,100000000,99161121.5199055,14541.5507387869,99162273.736949,800.487748565657,10.4496048729719,800.531604,12.4129575656566,4.28560360929311,11.341689
5,0,50,400,200,35000000,25000000,99,99.7272727272727,0.491108322108806,100,100000000,0,100000000,99159318.6716782,11976.8551007503,99159002.840441,1509.23750542424,15.216553982593,1510.452381,2.4099658989899,1.79824498527974,1.524432
5,0,50,400,200,35000000,50000000,99,96.6767676767677,4.67696980836228,99,100000000,0,100000000,99159318.6716782,11976.8551007503,99159002.840441,1509.23750542424,15.216553982593,1510.452381,1.53688117171717,0.331369332148421,1.467153
5,0,50,400,200,35000000,75000000,99,69.1010101010101,13.1121496466842,71,100000000,0,100000000,99159318.6716782,11976.8551007503,99159002.840441,1509.23750542424,15.216553982593,1510.452381,2.03349097979798,0.275731811447393,1.979509
5,0,50,400,200,35000000,100000000,99,42.1616161616162,11.3979116156471,44,100000000,0,100000000,99159318.6716782,11976.8551007503,99159002.840441,1509.23750542424,15.216553982593,1510.452381,3.40482639393939,0.749766206551488,3.265535
5,0,50,400,200,35000000,125000000,99,28.7171717171717,7.06679560214226,30,100000000,0,100000000,99159318.6716782,11976.8551007503,99159002.840441,1509.23750542424,15.216553982593,1510.452381,4.80621544444444,0.881809420881596,4.632077
5,0,50,400,200,35000000,150000000,99,21.9090909090909,5.0164848842284,22,100000000,0,100000000,99159318.6716782,11976.8551007503,99159002.840441,1509.23750542424,15.216553982593,1510.452381,6.00341433333333,0.979167894101415,5.823358
5,0,50,400,200,35000000,175000000,99,18.1919191919192,4.35814219845737,18,100000000,0,100000000,99159318.6716782,11976.8551007503,99159002.840441,1509.23750542424,15.216553982593,1510.452381,7.00752093939394,1.26359115385179,6.663695
5,0,50,400,200,35000000,200000000,99,15.1313131313131,3.64956375544117,15,100000000,0,100000000,99159318.6716782,11976.8551007503,99159002.840441,1509.23750542424,15.216553982593,1510.452381,8.07988680808081,1.28403572636506,7.875363
5,0,50,400,200,35000000,225000000,99,13.1919191919192,3.31870631198968,13,100000000,0,100000000,99159318.6716782,11976.8551007503,99159002.840441,1509.23750542424,15.216553982593,1510.452381,9.03974845454545,1.7468274495984,8.681538
5,0,50,400,200,35000000,250000000,99,11.2727272727273,2.69094544427131,12,100000000,0,100000000,99159318.6716782,11976.8551007503,99159002.840441,1509.23750542424,15.216553982593,1510.452381,9.98509585858586,1.89933937476127,9.622308
5,0,50,400,200,35000000,275000000,99,10,2.68404203257942,10,100000000,0,100000000,99159318.6716782,11976.8551007503,99159002.840441,1509.23750542424,15.216553982593,1510.452381,11.2105858989899,2.31326266209634,10.808252
5,0,50,400,200,35000000,300000000,99,8.77777777777778,2.79049244266355,9,100000000,0,100000000,99159318.6716782,11976.8551007503,99159002.840441,1509.23750542424,15.216553982593,1510.452381,12.4120069494949,4.53764779207405,11.235025
5,0,50,600,200,35000000,25000000,99,99.7373737373737,0.581796278705426,100,100000000,0,100000000,99159355.6298884,10769.6232244657,99158782.1394,2306.74995721212,20.1529269325673,2305.166875,1.9866427979798,1.31465083144347,1.505823
5,0,50,600,200,35000000,50000000,99,96.4242424242424,6.166219542867,99,100000000,0,100000000,99159355.6298884,10769.6232244657,99158782.1394,2306.74995721212,20.1529269325673,2305.166875,1.50670163636364,0.237796328046969,1.493667
5,0,50,600,200,35000000,75000000,99,70.4444444444444,14.0902500826738,74,100000000,0,100000000,99159355.6298884,10769.6232244657,99158782.1394,2306.74995721212,20.1529269325673,2305.166875,2.01475058585859,0.323369638208099,1.931365
5,0,50,600,200,35000000,100000000,99,43.1616161616162,11.3997019927994,43,100000000,0,100000000,99159355.6298884,10769.6232244657,99158782.1394,2306.74995721212,20.1529269325673,2305.166875,3.30281981818182,0.744727785738375,3.106895
5,0,50,600,200,35000000,125000000,99,28.9090909090909,7.12009359760038,29,100000000,0,100000000,99159355.6298884,10769.6232244657,99158782.1394,2306.74995721212,20.1529269325673,2305.166875,4.78682752525253,0.870112401013616,4.655957
5,0,50,600,200,35000000,150000000,99,22.3636363636364,5.26919144448787,23,100000000,0,100000000,99159355.6298884,10769.6232244657,99158782.1394,2306.74995721212,20.1529269325673,2305.166875,6.02666721212121,1.17311595578725,5.869723
5,0,50,600,200,35000000,175000000,99,18.4747474747475,4.35970284126702,19,100000000,0,100000000,99159355.6298884,10769.6232244657,99158782.1394,2306.74995721212,20.1529269325673,2305.166875,7.03097978787879,1.14370251805729,6.793617
5,0,50,600,200,35000000,200000000,99,15.5353535353535,3.77238389229943,16,100000000,0,100000000,99159355.6298884,10769.6232244657,99158782.1394,2306.74995721212,20.1529269325673,2305.166875,8.03812209090909,1.47893178717447,7.867768
5,0,50,600,200,35000000,225000000,99,13.6464646464646,3.41459392306782,14,100000000,0,100000000,99159355.6298884,10769.6232244657,99158782.1394,2306.74995721212,20.1529269325673,2305.166875,8.86672775757576,1.8046866677892,8.711012
5,0,50,600,200,35000000,250000000,99,11.9494949494949,3.25881453772699,12,100000000,0,100000000,99159355.6298884,10769.6232244657,99158782.1394,2306.74995721212,20.1529269325673,2305.166875,9.97825526262626,2.04716875062025,9.810303
5,0,50,600,200,35000000,275000000,99,10.4545454545455,3.33892542677519,11,100000000,0,100000000,99159355.6298884,10769.6232244657,99158782.1394,2306.74995721212,20.1529269325673,2305.166875,11.198318959596,2.94909340305925,10.685059
5,0,50,600,200,35000000,300000000,99,9.33333333333333,3.19757561222848,9,100000000,0,100000000,99159355.6298884,10769.6232244657,99158782.1394,2306.74995721212,20.1529269325673,2305.166875,12.2011504343434,3.31748495112829,11.742842
5,0,50,800,200,35000000,25000000,99,99.7676767676768,0.511665604055147,100,100000000,0,100000000,99158782.6402698,10696.5853801715,99159235.954513,3018.73012974747,30.6403014362781,3019.972174,2.16630251515152,1.57592576770167,1.528078
5,0,50,800,200,35000000,50000000,99,97.1313131313131,4.95828818519848,99,100000000,0,100000000,99158782.6402698,10696.5853801715,99159235.954513,3018.73012974747,30.6403014362781,3019.972174,1.58123702020202,0.357847323187229,1.520373
5,0,50,800,200,35000000,75000000,99,70.0505050505051,13.0402624060972,72,100000000,0,100000000,99158782.6402698,10696.5853801715,99159235.954513,3018.73012974747,30.6403014362781,3019.972174,2.00129293939394,0.25347840550936,1.955531
5,0,50,800,200,35000000,100000000,99,42.7474747474747,12.1507062315479,44,100000000,0,100000000,99158782.6402698,10696.5853801715,99159235.954513,3018.73012974747,30.6403014362781,3019.972174,3.33731905050505,0.709998720916028,3.266466
5,0,50,800,200,35000000,125000000,99,28.5858585858586,7.70768249270618,29,100000000,0,100000000,99158782.6402698,10696.5853801715,99159235.954513,3018.73012974747,30.6403014362781,3019.972174,4.806494,0.954534008848692,4.5667
5,0,50,800,200,35000000,150000000,99,22.010101010101,5.66315508351104,22,100000000,0,100000000,99158782.6402698,10696.5853801715,99159235.954513,3018.73012974747,30.6403014362781,3019.972174,6.09165605050505,1.31548154423303,5.782942
5,0,50,800,200,35000000,175000000,99,18,4.53332332932069,19,100000000,0,100000000,99158782.6402698,10696.5853801715,99159235.954513,3018.73012974747,30.6403014362781,3019.972174,7.22812533333333,1.5354370723426,6.850234
5,0,50,800,200,35000000,200000000,99,15.2525252525253,3.83683392635613,16,100000000,0,100000000,99158782.6402698,10696.5853801715,99159235.954513,3018.73012974747,30.6403014362781,3019.972174,8.1590577979798,1.54071643425268,7.994464
5,0,50,800,200,35000000,225000000,99,13.6060606060606,3.60220505546194,14,100000000,0,100000000,99158782.6402698,10696.5853801715,99159235.954513,3018.73012974747,30.6403014362781,3019.972174,8.97400507070707,1.92661750340314,8.678774
5,0,50,800,200,35000000,250000000,99,11.7373737373737,3.24693217400187,12,100000000,0,100000000,99158782.6402698,10696.5853801715,99159235.954513,3018.73012974747,30.6403014362781,3019.972174,10.1419435959596,2.22479379176564,9.700521
5,0,50,800,200,35000000,275000000,99,10.2828282828283,3.12344787263522,10,100000000,0,100000000,99158782.6402698,10696.5853801715,99159235.954513,3018.73012974747,30.6403014362781,3019.972174,11.3210882828283,3.11420711996385,10.497364
5,0,50,800,200,35000000,300000000,99,9.03030303030303,2.95011084348847,9,100000000,0,100000000,99158782.6402698,10696.5853801715,99159235.954513,3018.73012974747,30.6403014362781,3019.972174,12.4740052929293,4.52575541162459,11.265995
5,0,50,1000,200,35000000,25000000,99,99.6969696969697,0.613696485751203,100,100000000,0,100000000,99158153.5700818,11132.1343269541,99157280.470519,3729.10916644444,37.2383847054504,3725.053675,2.30654491919192,2.05166940573889,1.501823
5,0,50,1000,200,35000000,50000000,99,97,4.8968961431436,99,100000000,0,100000000,99158153.5700818,11132.1343269541,99157280.470519,3729.10916644444,37.2383847054504,3725.053675,1.54473857575758,0.311137524654032,1.477755
5,0,50,1000,200,35000000,75000000,99,70.0808080808081,13.5659212642749,72,100000000,0,100000000,99158153.5700818,11132.1343269541,99157280.470519,3729.10916644444,37.2383847054504,3725.053675,2.00225742424242,0.294904765049706,1.922777
5,0,50,1000,200,35000000,100000000,99,43.1717171717172,11.6321514356216,45,100000000,0,100000000,99158153.5700818,11132.1343269541,99157280.470519,3729.10916644444,37.2383847054504,3725.053675,3.26157478787879,0.662591946854313,3.073738
5,0,50,1000,200,35000000,125000000,99,28.5959595959596,7.24064377552612,29,100000000,0,100000000,99158153.5700818,11132.1343269541,99157280.470519,3729.10916644444,37.2383847054504,3725.053675,4.77590858585859,0.966362873710091,4.740698
5,0,50,1000,200,35000000,150000000,99,22.030303030303,5.49295382685585,22,100000000,0,100000000,99158153.5700818,11132.1343269541,99157280.470519,3729.10916644444,37.2383847054504,3725.053675,6.00449512121212,1.02698244561593,5.824133
5,0,50,1000,200,35000000,175000000,99,17.9191919191919,4.34172158010134,19,100000000,0,100000000,99158153.5700818,11132.1343269541,99157280.470519,3729.10916644444,37.2383847054504,3725.053675,7.22407086868687,1.38636462903531,6.850117
5,0,50,1000,200,35000000,200000000,99,14.9191919191919,3.63002436511969,15,100000000,0,100000000,99158153.5700818,11132.1343269541,99157280.470519,3729.10916644444,37.2383847054504,3725.053675,8.20954451515152,1.62636511837908,7.855614
5,0,50,1000,200,35000000,225000000,99,13.2323232323232,3.04667193075303,14,100000000,0,100000000,99158153.5700818,11132.1343269541,99157280.470519,3729.10916644444,37.2383847054504,3725.053675,9.08559941414141,1.94631635516304,8.604708
5,0,50,1000,200,35000000,250000000,99,11.7272727272727,2.9548237345757,12,100000000,0,100000000,99158153.5700818,11132.1343269541,99157280.470519,3729.10916644444,37.2383847054504,3725.053675,10.0916016161616,2.1992490257585,9.59351
5,0,50,1000,200,35000000,275000000,99,10.4343434343434,2.92826345475286,10,100000000,0,100000000,99158153.5700818,11132.1343269541,99157280.470519,3729.10916644444,37.2383847054504,3725.053675,10.9223617575758,2.67299991831881,10.450011
5,0,50,1000,200,35000000,300000000,99,9.2020202020202,2.63407730032311,9,100000000,0,100000000,99158153.5700818,11132.1343269541,99157280.470519,3729.10916644444,37.2383847054504,3725.053675,12.235850989899,3.20404480541983,11.504784
